$ 1 0.0000026041666666666666 382.76258214399064 99 5 50 5e-11
v 80 288 80 256 0 0 40 9 0 0 0.5
r 128 192 128 240 0 100000
r 128 288 128 336 0 100000
w 80 256 80 192 0
w 80 192 128 192 0
w 128 240 128 272 0
w 128 336 128 352 0
w 128 352 80 352 0
w 80 352 80 288 0
c 208 272 208 304 4 0.000047 4.274142898783749 0.001 0.1
c 384 272 384 304 4 1e-7 4.274149178933688 0.001 0
w 272 272 208 272 0
w 128 272 128 288 0
w 128 272 208 272 0
w 208 304 208 352 0
w 208 352 176 352 0
w 272 352 208 352 0
w 464 272 528 272 0
368 528 272 528 240 0 0
207 528 272 528 304 4 VBIAS
r 96 64 144 64 0 1000
w 80 64 96 64 0
368 80 64 80 32 0 0
34 zener-5.6 1 1.7143528192810002e-7 0 2.0000000000000084 5.6 1
z 160 112 160 80 2 zener-5.6
w 144 64 160 64 0
w 160 64 160 80 0
g 176 352 176 368 0 0
w 176 352 128 352 0
g 160 128 160 144 0 0
w 160 128 160 112 0
c 176 64 208 64 4 4.7000000000000004e-8 -4.273656046708126 0.001 0
w 176 64 160 64 0
r 336 192 384 192 0 1000000
w 384 192 400 192 0
w 400 192 416 192 0
207 416 192 416 224 4 VBIAS
w 352 32 352 -64 0
w 352 -64 496 -64 0
w 496 -64 496 48 0
w 496 48 432 48 0
w 528 48 496 48 0
207 576 48 624 48 4 out
a 352 48 432 48 8 15 -15 1000000 4.332580335175127 4.332623660978479 100000
w 272 272 320 272 0
w 320 352 272 352 0
w 320 272 384 272 0
w 384 304 384 352 0
w 384 352 320 352 0
w 384 272 464 272 0
w 576 48 528 48 0
211 96 64 80 -80 0 5 48000 1
207 208 64 256 64 4 in_AC
207 336 192 288 192 4 in_AC
207 352 64 304 64 4 in_AC
411 -48 64 -112 64 0 1 40 5 0 0 0.5 0.5 10 1
211 576 48 576 112 0 5 48000 1
a 848 32 928 32 8 15 -15 1000000 4.332524592125934 4.332580335175127 100000
207 672 16 640 16 4 VBIAS
r 768 16 816 16 0 1000
w 768 16 752 16 0
w 816 16 832 16 0
r 848 -48 896 -48 0 56000
w 848 -48 832 -48 0
w 832 -48 832 16 0
w 976 -48 976 32 0
w 976 32 928 32 0
w 976 32 1008 32 0
d 880 -96 912 -96 2 default-led
d 912 -112 880 -112 2 default-led
w 944 -96 944 -112 0
w 944 -112 912 -112 0
w 944 -96 912 -96 0
w 880 -112 832 -112 0
w 832 -112 832 -96 0
w 832 -96 880 -96 0
207 784 48 736 48 4 out
w 784 48 848 48 0
R 80 96 32 112 0 1 40 0.2 3 0 0.5
w 944 -96 944 -48 0
w 960 -48 976 -48 0
w 944 -48 960 -48 0
w 832 -96 832 -80 0
w 832 16 848 16 0
w 896 -48 944 -48 0
w 832 -80 832 -48 0
211 1008 48 1008 112 0 5 48000 1
w 1008 48 1008 32 0
w -48 64 80 64 0
w 672 16 688 16 0
w 720 16 752 16 0
w 688 16 720 16 0
o 21 512 0 12290 0.39556772208035823 0.0001 0 2 21 3
o 41 512 0 12290 4.647358286211503 0.0001 1 2 41 3
o 66 256 0 12290 5.9561010545731685 0.0001 2 2 66 3
